000950
000547
005941
004971
004969
003845
000282
005509
003132
002926
007175
006902
000046
000845
002668
006918
003541
004951
003079
005351
002489
004639
007066
006207
005971
000245
007160
000689
005428
002998
006179
002156
002409
004273
001229
001044
003227
005131
001821
001850
001494
000693
004621
005258
005524
003567
004114
006584
004170
006135
002309
001312
001227
004560
001695
005152
000898
006172
001321
005775
002954
004545
005202
001201
005789
004030
004355
003955
003416
003721
000596
006449
001468
003844